48 23 7
-80.16967773 57.46459961 2.09700012 -74.69177246 56.28967285 -3.37558322 39.12143287 -1.73651123 -0.69287109 -1.32435947 0.30394156 -22.52960205 14.16778564 -3.22702196 9.08214209 -0.54858398 0.05194092 -0.15879313 0.18997888 -98.14453125 101.76086430 2.09532844 80.99782889
-74.69177246 56.28967285 2.00199986 -88.15765381 60.94360352 -7.52279493 44.77871417 -1.73791504 -0.76538086 -1.31319851 0.33451473 -36.41510010 19.23370361 -1.00559658 12.61300881 -0.47930908 0.06872559 -0.15763007 0.18628580 -105.25512700 94.64263916 -4.71369426 72.05704564
-88.15765381 60.94360352 1.94999981 -145.55358890 87.18109131 -11.79716323 57.39030640 -1.83935547 -0.70562744 -1.39584012 0.37045173 -15.11383057 16.41082764 0.24053786 8.97270200 -0.62591553 0.08215332 -0.15393236 0.19907522 -111.74011230 112.17498780 -11.25123766 86.02154265
-145.55358890 87.18109131 1.85000038 -97.70965576 94.60449219 0.90705024 52.06620173 -1.83465576 -0.72015381 -1.34086778 0.34768352 -27.70233154 12.74108887 -1.51994493 9.89240595 -0.62591553 0.04870605 -0.20474356 0.23493956 -130.07354740 117.38586430 -0.38146973 87.49794854
-97.70965576 94.60449219 2.04699993 -100.87585450 84.48028564 -9.90003698 51.13473909 -1.82135010 -0.72088623 -1.33867870 0.36700330 -19.58465576 17.31109619 -1.15383373 10.22273675 -0.62017822 0.02343750 -0.21596213 0.22958521 -130.07354740 105.11779790 -9.29866118 79.54176181
-100.87585450 84.48028564 2.15000057 -77.40783691 80.16204834 5.49540800 44.86130208 -1.75537109 -0.71893310 -1.29039989 0.36268434 -28.63311768 16.12091064 -2.76184082 10.66003170 -0.60552978 0.02764893 -0.21998506 0.22598536 -119.94171140 134.71221920 5.03854190 85.32075889
-72.57080078 80.16204834 1.85199928 -103.52325440 62.60681152 3.24295506 42.18794257 -1.73522949 -0.73736572 -1.35944158 0.32564843 -30.67016602 28.59497070 -2.61017771 17.32632691 -0.59857178 0.05505371 -0.19996782 0.22121247 -102.53143310 102.43988040 2.81247226 75.28407570
-103.52325440 62.60681152 2.25199890 -76.53045654 66.30706787 -2.63523411 38.69144288 -1.71826172 -0.73895264 -1.35809986 0.29883709 -22.73559570 28.82385254 3.94542797 14.36871252 -0.62060547 0.03192139 -0.19312678 0.21217160 -100.15106200 87.30316162 -2.65379210 70.80500925
-76.53045654 66.30706787 2.14700127 -88.43994141 83.09936523 -5.60962453 48.29772431 -1.79449463 -0.83837891 -1.39059628 0.31400840 -21.59881592 27.39715576 0.29373169 13.81761870 -0.63488769 0.09008789 -0.19456751 0.22197845 -120.23162840 107.08618160 -8.22336533 81.51511248
-88.43994141 83.09936523 2.24699974 -74.38659668 67.78717041 4.63030415 42.09094909 -1.80371094 -0.71032715 -1.22905903 0.34680859 -19.08874512 26.30615234 -3.16103043 13.78544816 -0.64746094 0.02795410 -0.26588489 0.23242142 -123.26049800 97.68676758 1.01347893 70.50577194
-69.60296631 67.78717041 2.09899902 -78.54461670 69.03839111 -15.60154668 40.77839840 -1.76971436 -0.69708252 -1.30468298 0.31566435 -23.99444580 20.65277100 2.13990388 12.17480492 -0.64746094 0.03991699 -0.23102033 0.22650526 -120.07904050 109.23767090 -18.07375307 84.27812859
-78.54461670 69.03839111 1.94600106 -113.13629150 84.95330811 -2.44736671 47.20034624 -1.69598389 -0.68896484 -1.30423164 0.33693766 -33.57696533 24.96337891 -1.34038925 14.19476012 -0.63287353 0.08758545 -0.21000481 0.22044310 -139.14489750 115.07415770 2.38680839 91.02049449
-113.13629150 84.95330811 2.05200004 -96.58050537 68.21441650 -1.31857736 45.74711428 -1.81768799 -0.55517578 -1.34852121 0.37802486 -36.52954102 30.37261963 -1.16664341 17.56076148 -0.60839844 0.06085205 -0.19784807 0.23552373 -122.77221680 99.96032715 -0.34615653 81.02568686
-96.58050537 68.21441650 1.70000077 -61.07330322 70.52612305 11.09787513 30.50043621 -1.79388428 -0.81176758 -1.41834759 0.36146498 -26.92413330 24.03259277 -3.10516357 13.21969154 -0.60839844 0.07299805 -0.17442795 0.24344399 -139.41192630 121.49047850 10.10789542 85.47542649
-61.07330322 70.52612305 2.30099868 -101.78375240 67.16156006 -6.43853580 41.70659343 -1.85266113 -0.60247803 -1.39050113 0.34583955 -46.16546631 25.48980713 1.39864753 15.31212883 -0.63323975 0.12292480 -0.19160551 0.24432434 -120.33843990 136.19995120 -2.57110595 87.67765230
-101.78375240 67.16156006 1.94800187 -101.27258300 75.60729980 -1.84677586 48.48741746 -1.79785156 -0.60247803 -1.32011645 0.36058804 -27.71759033 24.14703369 -1.13816695 15.60419038 -0.65966797 0.06329346 -0.22518828 0.25676021 -142.33398440 134.91058350 -3.39669892 92.55591101
-101.27258300 75.60729980 2.14999771 -115.05889890 83.15277100 -3.00836563 48.99924778 -1.81597900 -0.55218506 -1.35231972 0.41034370 -45.76110840 29.82330322 -3.85642052 17.24075904 -0.74627685 0.04272461 -0.26983261 0.28183031 -151.87072750 119.02618410 -9.96470451 92.11916881
-115.05889890 83.15277100 1.85200119 -91.11022949 85.91461182 0.81083510 44.80577568 -1.98205566 -0.72033691 -1.40043132 0.38899379 -47.43194580 25.32196045 -3.15305922 18.77097725 -0.74627685 0.12591553 -0.25601366 0.28629407 -119.47631840 121.01745610 4.76201375 87.67052106
-91.11022949 85.91461182 1.95000076 -80.07049561 76.18713379 -4.92139544 50.75153763 -1.83911133 -0.68560791 -1.35089111 0.37538269 -32.25708008 36.39221191 -0.85056850 19.07050822 -0.66381836 0.05175781 -0.24554443 0.25349245 -100.50201420 118.51501460 -4.36837333 82.00704224
-80.07049561 76.18713379 1.94999695 -72.22747803 58.31909180 -4.50642904 38.82317201 -1.79498291 -0.68560791 -1.41679798 0.31595585 -23.83422852 15.13671875 -0.80848463 11.09466544 -0.65551758 0.01531982 -0.20054858 0.20447694 -125.19836430 95.52764893 -4.45533521 77.98905680
-72.22747803 58.31909180 2.04600143 -112.58697510 45.09735107 -7.72759853 38.60054427 -1.72192383 -0.51922607 -1.29261193 0.35223329 -25.58898926 17.50946045 -1.34942470 12.41716009 -0.67626953 0.02947998 -0.21721317 0.25341884 -126.10626220 109.85565190 -8.59950139 87.66493334
-112.58697510 45.09735107 1.95199967 -61.24114990 52.79541016 0.52176581 30.81222850 -1.64538574 -0.58129883 -1.29977078 0.31881610 -26.98516846 22.33123779 1.65896946 13.68691376 -0.62402344 0.02246094 -0.19887627 0.22502807 -123.68011470 116.25671390 -1.72445509 84.36504758
-61.24114990 52.79541016 2.04800033 -88.79089355 52.22320557 -5.55515289 37.87641032 -1.72222900 -0.51129150 -1.25076866 0.35630079 -34.09576416 27.54211426 -1.76596642 14.83394879 -0.65802002 0.05145264 -0.23423195 0.24679021 -126.34277340 113.96789550 -3.23534012 90.31842760
-88.79089355 52.22320557 1.79700089 -101.93634030 54.24499512 -0.37333170 40.97074094 -1.70440674 -0.39453125 -1.28575846 0.36248288 -39.25323486 16.65496826 -1.95185343 11.97151099 -0.60931397 0.05731201 -0.16403402 0.21683113 -147.10998540 109.93194580 2.76438395 94.38892649
-101.93634030 54.24499512 1.89999771 -82.03125000 72.88360596 -5.01937866 41.57225513 -1.75500488 -0.39453125 -1.25979207 0.42476065 -36.30828857 25.70343018 -0.52744548 13.80016596 -0.59204102 0.08770752 -0.17882690 0.22481269 -147.10998540 112.53356930 -5.01276652 89.41840326
-76.34735107 72.88360596 1.84800339 -72.74627686 54.99267578 -4.01759148 37.02642104 -1.78576660 -0.45172119 -1.29113197 0.37670964 -39.54315186 20.11871338 2.83288956 13.37130805 -0.61932373 0.07159424 -0.19365501 0.22894113 -139.56451420 113.78479000 -8.01515579 87.85799892
-72.12066650 54.99267578 2.05199813 -73.83728027 74.67651367 1.60336494 38.82632867 -1.77581787 -0.66394043 -1.28866005 0.41084548 -30.95245361 14.50347900 -3.32880020 11.30584123 -0.66680908 0.07897949 -0.20716858 0.25812336 -121.61254880 113.98315430 -0.42772294 85.17665900
-73.83728027 74.67651367 1.89799881 -118.83544920 61.95831299 -7.21070261 44.79414102 -1.81866455 -0.44183350 -1.33420817 0.37533839 -60.70709229 32.16552734 -1.35387074 21.18416348 -0.59130859 0.10675049 -0.16502427 0.23243718 -129.70733640 113.46435550 -2.36534350 86.16006538
-118.83544920 61.95831299 1.95100022 -98.00720215 52.04010010 -1.51639996 41.51170351 -1.67932129 -0.44183350 -1.24726082 0.35490953 -26.41296387 30.41076660 -0.60179739 17.60649707 -0.64636231 0.06561279 -0.22980291 0.23889310 -123.15368650 103.17230220 -0.44759115 84.63213104
-98.00720215 52.04010010 1.65299988 -79.33044434 58.81500244 -1.43404360 37.25597095 -1.79553223 -0.76483154 -1.43734402 0.32075408 -38.58947754 19.93560791 0.26222512 14.86206042 -0.64636231 0.05902100 -0.14905237 0.24169947 -112.73193360 136.04736330 -0.90987594 90.35134216
-79.33044434 58.81500244 2.00199890 -80.70373535 72.86834717 -10.30978034 46.24641682 -1.76245117 -0.69952393 -1.31423232 0.35002925 -21.69799805 19.44732666 1.18883918 12.55539844 -0.58258057 0.07739258 -0.16703886 0.20468799 -127.54058840 108.83331300 -15.37076165 86.34766106
-80.70373535 72.86834717 1.89900207 -91.84265137 53.10821533 -1.89263480 39.38043367 -1.70312500 -0.70526123 -1.28026908 0.36359927 -32.39440918 20.71380615 -1.30871364 11.68107331 -0.59857178 0.09930420 -0.20903451 0.24241581 -135.24627690 131.75964360 1.71743120 87.68886564
-91.84265137 53.10821533 1.85199738 -77.63671875 71.77734375 -4.85407511 41.94860667 -1.77893066 -0.57745361 -1.30657756 0.38133109 -25.38299561 26.64184570 3.75213623 15.27743693 -0.62792969 0.06640625 -0.20733032 0.24741440 -135.95581050 120.09429930 -15.27277629 91.79019108
-76.50756836 71.77734375 1.99700165 -90.43884277 85.79254150 -4.94945750 46.90567475 -1.89837646 -0.71795654 -1.39020134 0.40554986 -26.90124512 26.64184570 1.69955983 12.77855568 -0.70880127 0.05627441 -0.23648251 0.25193603 -116.10412600 135.19287110 -5.96035228 90.93124455
-90.43884277 85.79254150 1.80100250 -91.81213379 73.49395752 -4.30178642 49.22600680 -1.84124756 -0.72857666 -1.37639236 0.36857633 -29.70886230 19.27185059 -1.13606453 13.43692543 -0.66760254 0.06823730 -0.19726562 0.24804724 -132.65991210 122.55859380 -6.00647926 95.08013007
-91.81213379 73.49395752 1.90000152 -74.61547852 60.23406982 -10.93597412 45.85392902 -1.79998779 -0.69293213 -1.32579142 0.37882814 -31.07452393 31.34155273 0.39698283 18.41639595 -0.60864258 0.04382324 -0.21085002 0.22871207 -101.27258300 114.75372310 -8.28806560 81.61237541
-74.61547852 60.23406982 1.85399628 -103.31726070 75.41656494 -3.10587883 44.16629795 -1.73596191 -0.49182129 -1.35347748 0.39538778 -23.89526367 24.60479736 1.93405151 11.99298156 -0.62115478 0.04913330 -0.18571854 0.23481553 -123.00109860 116.46270750 -0.19311905 86.42504037
-103.31726070 75.41656494 1.95200348 -119.05670170 75.60729980 1.84827532 46.49743836 -1.76776123 -0.49182129 -1.33303223 0.39561410 -38.14697266 21.28601074 -1.74843924 15.12428011 -0.70129394 0.04528809 -0.20225830 0.24166522 -140.51818850 116.65344240 0.85209438 84.45475782
-119.05670170 75.60729980 1.94699860 -125.80871580 71.85363770 -1.88468484 44.38152945 -1.69061279 -0.12310791 -1.30475213 0.41665752 -22.85003662 31.05163574 -0.83003325 12.03337520 -0.70129394 0.06628418 -0.21531947 0.27585454 -173.85101320 128.95202640 -0.02715167 90.22259619
-125.80871580 71.85363770 1.75099945 -90.53039551 67.65747070 -1.68793777 48.36628403 -1.78607178 -0.56512451 -1.24986530 0.36781395 -33.34045410 27.91595459 0.30096646 15.21876995 -0.62054443 0.06744385 -0.25361791 0.24138011 -142.74597170 119.11010740 -11.98604189 87.23376897
-90.53039551 67.65747070 1.95099640 -132.71331790 87.53967285 -8.74844113 51.39130417 -1.83837891 -0.38128662 -1.32491158 0.44081599 -32.80639648 16.41845703 -2.21912281 12.57062953 -0.61706543 0.05145264 -0.23807175 0.25320627 -139.93835450 120.05615230 -7.85435857 84.65444466
-132.71331790 87.53967285 1.59600067 -105.36956790 88.11950684 -6.84326172 49.03069460 -1.91900635 -0.69952393 -1.49658203 0.31614839 -36.44561768 31.68487549 -0.62591553 21.79706609 -0.55151367 0.06896973 -0.10624023 0.18317824 -137.96997070 120.10192870 -17.62023925 93.33862377
-105.36956790 88.11950684 1.50199890 -88.15002441 78.12500000 -2.98176641 40.43989514 -1.74700928 -0.60882568 -1.27316948 0.36576195 -36.04125977 29.42657471 3.12937861 13.91450422 -0.66900635 0.07354736 -0.26734991 0.28880041 -137.96997070 128.66210940 14.03874937 86.90871836
-53.84063721 78.12500000 2.30200195 -96.90093994 71.38824463 -8.31872064 41.75885157 -1.81115723 -0.71441650 -1.39986440 0.34774010 -44.68536377 30.43365479 1.19719634 19.94317360 -0.66961670 0.05261230 -0.17519069 0.23253748 -129.54711910 124.91607670 -24.06702815 95.59616303
-96.90093994 71.38824463 1.55100250 -84.17510986 75.85144043 7.56835938 40.85474211 -1.90301514 -0.71441650 -1.46603394 0.37778690 -51.71203613 37.24670410 -3.45257350 20.04525360 -0.66961670 0.05596924 -0.16430010 0.27152524 -130.95092770 118.20983890 18.59555926 84.62990037
-84.17510986 75.85144043 2.14800263 -90.00396729 65.17028809 -12.69831802 46.14230220 -1.92608643 -0.49450684 -1.34913589 0.40613039 -25.40588379 35.05706787 2.51400109 16.04856351 -0.66223144 0.08990479 -0.20080751 0.25741303 -158.82110600 137.16125490 -23.82590554 94.92091398
-90.00396729 65.17028809 1.79899597 -117.11120610 86.42578125 -0.44530233 47.43834437 -1.81970215 -0.55895996 -1.30154826 0.38758706 -31.79931641 22.67456055 0.00864665 14.51197744 -0.65954590 0.07843018 -0.22439372 0.27795675 -142.59338380 140.83099370 -6.14089966 92.83772137
-117.11120610 86.42578125 1.90000153 -111.58752440 95.66497803 -1.62390507 51.74756917 -1.82238769 -0.55895996 -1.26788700 0.36237099 -46.65374756 31.05926514 -1.06025465 18.25221901 -0.70843506 0.11529541 -0.25277617 0.27356023 -143.05114750 126.60217290 1.72493675 97.34286857