48 23 7
-148.03314210 126.68609620 2.80100012 -168.19763180 142.95959470 5.79865773 107.67089044 -1.97973633 -0.12493896 -1.03625997 0.64006826 -21.86584473 21.97265625 -5.51732381 9.00218961 -0.01281738 0.08654785 0.02996445 0.02126125 -42.16003418 34.20257568 0.44647853 17.97844839
-168.19763180 142.95959470 2.64700032 -168.70880130 168.85375980 13.57676188 120.35341416 -1.97778320 -0.19323730 -1.03973660 0.64637878 -26.31378174 21.97265625 -6.47752550 13.02958120 -0.09698486 0.07934570 -0.01154107 0.04892689 -40.98510742 30.86090088 3.21604411 21.70017657
-168.70880130 168.85375980 2.59899997 -167.24395750 136.14654540 -6.61379792 106.76221250 -2.00000000 -0.17864990 -1.09119788 0.67696529 -25.45166016 14.35089111 -5.82442173 9.07301614 -0.06530762 0.07318115 0.00444137 0.03358476 -27.90832520 34.11865234 1.40256660 15.07155962
-145.83587650 136.14654540 2.64899922 -168.66302490 133.76617430 -21.60964966 105.61404292 -1.99560547 -0.22442627 -1.03112427 0.60216056 -24.78027344 18.04351807 -4.80407715 9.81329814 -0.08764648 0.07055664 0.00474243 0.03108025 -24.31488037 18.29528809 -0.88287354 13.39280415
-168.66302490 133.76617430 2.20199966 -165.31372070 125.19836430 3.17470005 104.91586287 -1.94909668 -0.26379394 -1.14682443 0.59953050 -23.95629883 7.34710693 -6.21795654 8.14393546 -0.06585693 0.03778076 0.00234724 0.02340662 -18.84460449 14.38903809 2.21252441 9.68457237
-159.33990480 125.19836430 2.29900170 -152.49633790 119.11773680 -3.72775765 103.05548445 -1.88018799 -0.31811523 -1.03863525 0.52024707 -16.34216309 9.10949707 -5.42201552 7.09231403 -0.04260254 0.06939697 0.01807066 0.02050666 -16.09802246 15.96069336 0.91499506 8.28128605
-140.59448240 119.11773680 2.59599876 -137.35198970 106.02569580 -5.87039523 86.90740721 -1.84826660 -0.22796631 -1.04061822 0.53926541 -15.64025879 6.53076172 -4.96826172 5.61303395 -0.03796387 0.04089355 0.00925429 0.01620287 -15.26641846 17.70782471 1.75052219 7.33350634
-131.88171390 106.02569580 2.55000114 -127.23541260 111.35864260 -2.36882919 89.45832851 -1.78033447 -0.23516846 -0.99235339 0.47884887 -14.18304443 2.96020508 -5.45853835 4.85797945 -0.01312256 0.04888916 0.01855782 0.01485195 -17.98248291 23.13995361 2.56054218 10.05714258
-115.73791500 111.35864260 2.64699936 -140.15197750 112.77771000 -0.58486245 91.16253786 -1.84002686 -0.20904541 -0.86761613 0.55241023 -20.27130127 3.59344482 -5.88659807 5.75278847 -0.02661133 0.06188965 0.02214466 0.01862060 -11.52801514 17.91381836 2.42580067 7.65577005
-140.15197750 112.77771000 2.50399971 -151.99279790 146.94213870 -0.15426264 99.93347653 -1.79614258 -0.15753174 -1.00388392 0.58471563 -20.01953125 7.01141357 -5.89956888 6.76578004 -0.00537109 0.06683350 0.02569431 0.01599504 -8.48388672 24.39880371 2.82362031 7.52375694
-151.99279790 146.94213870 2.80200005 -151.62658690 110.02349850 -3.76653671 93.05759752 -1.84759521 -0.24658203 -1.06463750 0.55567659 -13.64135742 4.77600098 -5.24091721 5.96831106 -0.01043701 0.06451416 0.02307510 0.01386816 -17.95959473 14.88494873 1.02567673 7.21285364
-130.41687010 110.02349850 2.44800186 -125.71716310 112.64801030 -2.03097950 87.68181222 -1.85021973 -0.29193115 -1.02018044 0.54825784 -18.05114746 8.28552246 -5.45467030 6.28609014 -0.00262451 0.05938721 0.01778065 0.01203326 -9.04083252 14.74761963 1.87908519 6.05053548
-123.28338620 112.64801030 2.59899902 -126.10626220 98.93798828 -0.93078613 83.16630728 -1.86505127 -0.37457275 -1.09771050 0.50728293 -14.12200928 5.60760498 -5.84259033 5.53301627 -0.01135254 0.06610107 0.01759033 0.01445933 -12.56561279 13.70239258 1.88056098 6.49221391
-126.10626220 98.93798828 2.49699784 -144.48547360 129.37927250 -6.04740778 97.46161241 -1.85327148 -0.24523926 -1.02714157 0.54350276 -15.11383057 6.51550293 -5.34264247 6.34812557 -0.01129150 0.04724121 0.01462046 0.01392332 -14.90783691 17.18139648 0.63339869 8.51817806
-144.48547360 129.37927250 2.65200042 -154.31976320 117.66052250 -4.75924948 97.47765568 -1.85351562 -0.31219482 -1.09619937 0.53554809 -16.84570313 5.54656982 -5.26759935 6.98044566 -0.03033447 0.06268311 0.00521453 0.02010692 -24.04022217 26.22985840 1.05351987 11.94820351
-154.31976320 117.66052250 2.24900055 -175.29296880 135.07843020 16.85714722 101.63271473 -1.95263672 -0.29058838 -1.03510646 0.59935466 -17.64678955 7.33947754 -6.82429263 5.86785514 -0.05444336 0.06744385 0.00022005 0.02883644 -25.99334717 22.78137207 3.83156224 12.61501011
-175.29296880 135.07843020 2.45299912 -181.70928960 141.70837400 -10.50186157 112.60850234 -1.96508789 -0.24047852 -1.06784693 0.60397868 -17.02117920 7.61413574 -5.12107213 7.22476442 -0.04083252 0.06427002 0.00528590 0.02191598 -25.99334717 33.08105469 1.17969513 11.62089338
-181.70928960 141.70837400 2.50000000 -193.71032710 125.28228760 -14.94038900 115.79721482 -1.95904541 -0.20666504 -1.06155599 0.59049077 -16.17431641 5.40924072 -4.41046821 7.20347588 -0.03552246 0.05322266 0.00646159 0.01766947 -16.38793945 15.40374756 1.49010552 9.13374253
-193.71032710 125.28228760 2.29300308 -189.52941890 134.71984860 -7.41542469 116.54448046 -1.97338867 -0.26867676 -1.04046353 0.59526563 -16.31164551 8.79669190 -5.15278903 8.13930512 -0.02508545 0.05316162 -0.00041337 0.01436651 -16.05224609 24.50561523 0.90286948 9.74275609
-152.96173100 134.71984860 2.35099793 -167.15240480 141.70074460 -9.60133871 106.41205811 -1.90277100 -0.23004150 -1.05432129 0.56516674 -19.05059814 5.98907471 -5.27055528 7.42178244 -0.02575684 0.06243896 0.00074192 0.01716118 -17.02880859 25.32958984 1.89429389 9.41890394
-167.15240480 141.70074460 2.39500045 -170.42541500 131.46209720 -8.93332742 116.50879924 -1.90985107 -0.20208740 -0.99564570 0.59758536 -20.42388916 7.13348389 -5.45727123 7.24238327 -0.03833008 0.06018066 -0.00076988 0.01915589 -17.02880859 23.17047119 1.63043629 10.24281541
-170.42541500 131.46209720 2.59999848 -170.79925540 141.57104490 -4.00129955 118.81241256 -1.93084717 -0.15173340 -0.98214976 0.60791952 -20.00427246 7.33947754 -6.05821610 7.76687421 -0.03723145 0.07098389 0.00986989 0.02072209 -13.90838623 30.58624268 1.76699956 10.13970127
-170.79925540 141.57104490 2.34799957 -166.26739500 135.88714600 -4.79986729 96.75125405 -1.89764404 -0.35205078 -1.05702405 0.53797725 -15.60211182 6.13403320 -5.19796518 6.59063890 -0.00665283 0.06372070 0.01447316 0.01275777 -20.88928223 14.52636719 0.92882988 8.04509948
-135.55908200 135.88714600 2.70100403 -182.64007570 139.54925540 -0.95903112 104.77837597 -1.89068604 -0.16235352 -1.13932378 0.59324315 -19.53887939 4.84466553 -5.72513012 6.71605174 -0.04284668 0.06909180 0.01359006 0.01796092 -20.88928223 23.95629883 2.12162099 7.78951950
-182.64007570 139.54925540 2.45099640 -182.47222900 126.25122070 -21.30393095 110.30207696 -1.86041260 -0.22015381 -1.03448628 0.59253686 -11.88659668 3.57818603 -5.10335523 4.91611931 -0.02416992 0.04034424 0.00841292 0.01231045 -12.29095459 18.67675781 0.31919258 6.88499273
-161.94152830 126.25122070 2.80200195 -161.20910640 152.11486820 1.01341086 108.24795258 -1.91601562 -0.26165772 -1.15541888 0.56968776 -18.07403564 10.22338867 -5.14740640 7.49719651 -0.04595947 0.06475830 0.01478220 0.01841816 -13.27514648 14.41192627 2.65178275 6.18471047
-148.21624760 152.11486820 2.44799805 -161.85760500 115.32592770 -2.45766018 104.74949614 -1.88128662 -0.23321533 -1.05272641 0.58391648 -20.21789551 7.60650635 -5.81492548 7.49228555 -0.04254150 0.07476807 0.00902524 0.01738031 -16.48712158 15.29693604 1.35222725 7.13148254
-161.85760500 115.32592770 2.39700317 -161.29302980 111.05346680 -5.93478181 104.77584820 -1.79614258 -0.19738770 -0.95252033 0.55753288 -12.75634766 2.78472900 -6.08559542 4.73872746 -0.02276611 0.04510498 0.01332554 0.01479992 -12.36724854 14.81628418 2.74711431 6.62946931
-155.75408940 111.05346680 2.54799652 -153.51867680 128.70788570 -5.73137071 101.23057517 -1.86578369 -0.23223877 -1.06865506 0.58563489 -16.37268066 6.66809082 -4.97436523 6.09225442 -0.01116943 0.06121826 0.01844889 0.01519580 -8.41522217 16.94488525 1.94651286 5.99922267
-147.49908450 128.70788570 2.34899903 -182.24334720 152.34375000 -0.00705719 117.25991419 -1.80096436 -0.18640137 -1.01318970 0.57195617 -14.80865479 4.89807129 -6.14643097 6.11601377 -0.01220703 0.05358887 0.01428833 0.01480725 -8.98742676 15.64788818 1.38778686 5.53316882
-182.24334720 152.34375000 2.39700317 -187.33215330 129.25720210 -10.93645794 112.27331354 -1.90252686 -0.22961426 -1.04893829 0.62200860 -16.28875732 9.58251953 -5.23953322 6.68156412 -0.01879883 0.04022217 0.00798518 0.01326220 -12.19177246 17.70019531 1.45981951 6.77739380
-187.33215330 129.25720210 2.45199585 -177.21557620 124.61090090 3.52044538 110.80739751 -1.90844727 -0.19335938 -1.04282865 0.59417110 -16.43371582 9.62829590 -5.73695790 6.84413827 -0.02008057 0.03912354 0.00910534 0.01255382 -12.19177246 15.41137695 2.13588368 7.07248800
-171.71478270 124.61090090 2.40299988 -173.88153080 149.49798580 2.74044130 119.09650985 -1.88543701 -0.17211914 -0.95094560 0.61729124 -18.50128174 6.62231445 -5.93827410 6.72282271 -0.02813721 0.04895020 0.01398598 0.01805943 -13.87786865 21.91162109 1.85133771 7.82706351
-173.88153080 149.49798580 2.64900207 -175.49133300 123.84033200 -14.33137747 112.03128213 -1.91778564 -0.24353027 -1.03536635 0.59095194 -19.34814453 11.71112061 -4.97641930 7.61672657 -0.03411865 0.04840088 0.00715755 0.01601888 -6.91986084 12.67242432 1.27674983 5.23700021
-175.49133300 123.84033200 2.34799958 -186.44714360 156.41784670 7.40013123 116.68408301 -1.90722656 -0.19390869 -0.98867798 0.63100098 -16.71600342 3.41796875 -6.14585876 6.29329789 -0.03918457 0.05084229 0.01335144 0.01884167 -10.45227051 24.44458008 2.54745483 7.83664909
-186.44714360 156.41784670 2.50400543 -186.21063230 129.35638430 -24.08637070 117.76818380 -1.93188477 -0.20422363 -1.06049477 0.59457670 -15.31982422 6.66046143 -4.69654362 6.28940223 -0.02960205 0.04028320 0.00593083 0.01481987 -11.76452637 20.31707764 0.76889410 8.17932168
-185.74523930 129.35638430 2.79399872 -178.09295650 127.02178960 -7.11884791 114.34681995 -1.96093750 -0.20141602 -1.06497628 0.60194024 -16.79992676 6.83593750 -5.40565958 7.00133613 -0.02368164 0.04187012 0.00697171 0.01476004 -14.16015625 17.08221436 1.61649743 8.12834966
-165.06958010 127.02178960 2.40100096 -191.45965580 156.34155270 6.70623779 114.63065704 -1.96771240 -0.18890381 -1.07274823 0.67463662 -18.46313477 9.50622559 -5.33525334 7.28112331 -0.02844238 0.04937744 0.00973866 0.01702303 -7.65991211 23.46038818 2.36528973 6.78478922
-191.45965580 156.34155270 2.44499970 -198.29559330 152.58789060 -5.15853527 118.85667245 -1.93707275 -0.17578125 -1.05863491 0.62900720 -22.76611328 9.75036621 -5.61381495 7.97065559 -0.03521729 0.06561279 0.01653059 0.02140494 -17.16613770 13.54980469 0.74395468 9.00223706
-198.29559330 152.58789060 2.39699560 -191.06292720 159.37805180 -5.00748797 113.06845161 -1.87628174 -0.21069336 -0.95791998 0.61105523 -16.92962646 8.05664062 -5.18556921 6.67632861 -0.02923584 0.04272461 0.01062309 0.01515429 -16.52526855 14.18304443 0.93655470 7.70695038
-157.57751460 159.37805180 2.54000090 -154.47235110 145.62988280 -24.41460746 110.24568042 -1.92193604 -0.21600342 -1.06183588 0.60182721 -15.98358154 7.88116455 -4.42196074 6.74357099 -0.05487061 0.04211426 0.00711932 0.01610428 -8.75854492 15.27404785 1.63032895 6.72569523
-154.47235110 145.62988280 2.49600220 -171.16546630 133.08715820 0.84752622 114.77273208 -1.90490723 -0.17547607 -1.05209881 0.60471960 -19.58465576 10.08605957 -6.07034434 6.80119154 -0.02447510 0.04937744 0.00776871 0.01729726 -13.03100586 23.56719971 1.29931906 8.02008055
-171.16546630 133.08715820 2.55200190 -180.22918700 141.14379880 6.23423259 109.40331190 -1.97106934 -0.18072510 -1.13024767 0.65307830 -19.58465576 8.59832764 -5.38601345 7.85860704 -0.03540039 0.04779053 0.00341526 0.02105471 -10.78796387 26.32904053 2.50057644 8.27934282
-180.22918700 141.14379880 2.50099950 -178.87115480 145.84350590 -10.66626573 115.76611686 -1.96276856 -0.19677734 -0.98422316 0.63596803 -24.41406250 6.50787353 -4.94328941 8.88795790 -0.03570557 0.05133057 -0.00056123 0.02020547 -14.06860352 30.11322021 1.26610733 9.91862913
-176.49078370 145.84350590 2.30099480 -198.73046880 142.63916020 -10.86752756 126.95598296 -1.88549805 -0.17053223 -0.92292277 0.61458483 -21.70562744 7.87353516 -5.55565244 8.63449936 -0.03967285 0.04663086 0.00401524 0.02143374 -20.73669434 41.83197021 2.52133324 12.71929559
-198.73046880 142.63916020 2.44499970 -191.25366210 147.75848390 -9.69625073 122.41850418 -1.98291016 -0.16259766 -0.97182447 0.63834453 -20.72906494 13.07678223 -4.89292588 10.18884892 -0.06518555 0.07788086 0.00731570 0.02658293 -20.73669434 41.40472412 1.28244799 14.10285127
-178.33709720 147.75848390 2.55100250 -184.17358400 145.30181880 -21.66588362 123.61942479 -1.95159912 -0.15179443 -1.05423045 0.62197737 -23.94866943 8.22448731 -4.70502986 8.90606200 -0.04473877 0.07574463 0.00216036 0.02389362 -17.51708984 39.55841064 0.81847435 12.90813996
-184.17358400 145.30181880 2.49600220 -192.87872310 126.12915040 -11.47224790 118.84250671 -1.96746826 -0.15429688 -1.08431571 0.61772690 -19.35577393 7.71331787 -4.20579456 8.65198105 -0.02117920 0.08068848 0.01115926 0.01992318 -13.64135742 38.08593750 1.86139061 10.73236624