50 23 7
-151.48925781 136.62719727 3.85200024 -156.41021729 165.16876221 5.45864418 111.93033455 -1.92382812 0.12402344 -0.86973797 0.72840219 -100.67749023 98.72436523 -1.15666624 73.65976765 -1.93316650 0.11456299 -0.76918805 0.72654387 -91.47644043 98.45733643 5.36784188 57.12262634
-156.41021729 165.16876221 3.55099964 -181.08367920 157.84454346 1.89224555 121.15549098 -1.77990723 0.12463379 -0.78090372 0.72636585 -117.15698242 84.33532715 -1.35772082 73.77387419 -1.89379883 0.06561279 -0.67324144 0.68281563 -88.42468262 101.92871094 -2.23276566 57.98986279
-181.08367920 157.84454346 4.00199986 -177.41394043 149.19281006 -12.01584760 107.21918993 -1.89764404 0.01837158 -0.95440494 0.67592427 -95.87860107 75.96588135 -9.54639210 64.42540298 -1.86676025 0.10083008 -0.74079087 0.67959331 -98.99139404 100.29602051 5.78824212 60.91897839
-170.12023926 149.19281006 3.90600014 -195.23620605 161.64398193 -3.45588453 110.10403027 -1.92736816 0.01623535 -1.04610744 0.69389840 -124.73297119 86.79199219 -6.43389153 70.09115856 -1.85784912 0.28210449 -0.84097105 0.71661358 -89.50042725 109.71832275 3.12331229 55.16008543
-195.23620605 161.64398193 3.25000000 -178.55072021 133.17871094 -0.08377374 100.54231716 -1.88909912 -0.10589600 -0.98256549 0.69551718 -118.82781982 74.34844971 -3.19462196 62.72906489 -1.83105469 0.08355713 -0.75223197 0.74757871 -100.48675537 104.14886475 -1.53650022 61.67739683
-139.41955566 133.17871094 4.05000114 -141.56341553 131.24084473 -5.12251983 98.19603661 -1.91223145 -0.14611816 -1.11352951 0.60214820 -100.41809082 75.81329346 -5.23541425 62.23883332 -1.87976074 0.10174561 -0.84769749 0.67917099 -98.03009033 87.39471436 4.23854106 57.73832724
-141.56341553 131.24084473 3.90199852 -125.39672852 120.49865723 2.57226193 86.30831892 -1.92694092 -0.12878418 -1.03996138 0.65318363 -97.20611572 68.01605225 -1.78666548 56.72978523 -1.84289551 0.06896973 -0.75811305 0.72359144 -92.85736084 81.29882812 -0.23130937 52.73553711
-122.84851074 120.49865723 3.90399933 -140.44952393 126.64031982 7.38590047 89.83291253 -1.94659424 -0.14672852 -0.94604285 0.64090244 -92.72766113 77.62145996 1.16225420 59.82339421 -1.80725098 0.07232666 -0.67864370 0.68538852 -95.80993652 83.72497559 -1.83454611 56.21158802
-140.44952393 126.64031982 4.19900131 -134.10186768 118.94989014 -6.05437335 94.84065530 -1.91925049 -0.00598145 -0.86539594 0.65039369 -98.73962402 73.26507568 -6.29324072 61.76115982 -1.80328369 0.06695557 -0.63768185 0.62071672 -94.52819824 88.46282959 2.70114225 58.44805797
-127.69317627 118.94989014 3.80199814 -154.11376953 106.52160645 14.59515681 82.77497081 -1.84356689 -0.09875488 -0.88045014 0.65573735 -89.26391602 71.02966309 7.27068792 52.03835069 -1.85955811 0.07696533 -0.61452797 0.68031621 -70.93048096 79.84161377 -6.36579170 46.58311467
-154.11376953 106.52160645 4.45200348 -180.46569824 133.08715820 -2.82581036 102.61109635 -1.94604492 -0.07586670 -1.15585092 0.63355330 -117.85125732 68.09234619 -6.96763259 66.22719537 -1.91217041 0.11578369 -0.88393461 0.69859093 -88.85192871 119.91119385 3.92279992 58.81286765
-180.46569824 133.08715820 2.95099640 -178.52020264 141.79229736 26.33056641 101.02779873 -1.87554932 -0.16534424 -0.96332872 0.61220719 -106.92596436 76.54571533 12.97200521 60.09504166 -1.81176758 0.11633301 -0.63924832 0.70857966 -118.22509766 113.73901367 -18.61385769 64.92452988
-126.48010254 141.79229736 4.60200119 -142.70019531 108.90960693 -7.70786830 83.93465949 -1.88067627 -0.32952881 -1.21158970 0.56128467 -88.64593506 61.00463867 -7.74503435 54.78212995 -1.96142578 0.04534912 -0.87344448 0.74828754 -80.41381836 82.42034912 5.92400687 50.89924418
-142.70019531 108.90960693 3.85000229 -158.22601318 143.55468750 -12.75130450 104.99595774 -1.88293457 -0.21759033 -1.06673108 0.58391468 -101.94396973 81.65740967 -10.78085172 65.71108915 -1.82849121 0.09692383 -0.76624673 0.67181433 -104.43878174 84.09881592 11.73000012 60.56211438
-158.22601318 143.55468750 4.69599915 -158.18023682 94.17724609 -0.43767615 88.37933877 -1.89190674 -0.00286865 -0.90953663 0.60876169 -129.08172607 68.23730469 -3.32129756 56.37307168 -1.87176514 0.08721924 -0.57450693 0.62288492 -55.96923828 108.81042480 3.52893298 49.98367697
-158.18023682 94.17724609 3.80200195 -158.02764893 129.92095947 -3.82134222 104.58304261 -1.86315918 -0.07159424 -0.94013731 0.65351680 -101.79901123 77.62908936 -3.54976039 66.70271697 -1.86083984 0.10150146 -0.69069549 0.70659153 -94.95544434 113.14392090 3.59036846 62.37148175
-157.47070312 129.92095947 3.60199738 -168.54095459 155.81512451 6.38474684 106.43615503 -1.88153076 -0.05371094 -0.88282001 0.68810697 -118.56079102 90.14892578 3.88594407 65.84536403 -1.84936523 0.07434082 -0.67978234 0.72335557 -106.75048828 100.05187988 -2.94165978 59.59094879
-168.54095459 155.81512451 3.65299988 -183.47167969 144.27947998 -0.18508911 112.42348574 -1.89929199 -0.03668213 -0.95675781 0.66474413 -115.31066895 105.87310791 -0.70175171 77.41743596 -1.84106445 0.07269287 -0.79681274 0.70407930 -86.18164062 109.66491699 5.75942993 56.82840906
-183.47167969 144.27947998 3.40100098 -178.72619629 131.85119629 14.68555744 95.73159791 -1.92767334 -0.02276611 -0.85078900 0.75360804 -110.51177979 82.62634277 8.41962374 61.15840000 -1.84741211 0.08264160 -0.70656175 0.77323903 -92.04101562 91.23992920 -7.61956435 51.64939617
-169.93713379 131.85119629 3.60499573 -167.65594482 178.01666260 -3.22341919 112.38926178 -1.89678955 0.06195068 -0.85744381 0.70702770 -106.00280762 102.98919678 -4.85420227 74.42498876 -1.85485840 0.12487793 -0.72843456 0.70194132 -115.84472656 74.89013672 1.54662132 60.62982132
-142.26531982 178.01666260 3.59900665 -145.53070068 166.23687744 -7.00713041 110.04236989 -1.88604736 0.00952148 -0.90348093 0.67303564 -108.47473145 95.27587891 -8.15127189 75.55133894 -1.92163086 0.10717773 -0.77076909 0.69838656 -101.14288330 87.10479736 6.86177036 59.53079996
-145.53070068 166.23687744 3.35199738 -147.77374268 151.13067627 10.86245450 105.63488090 -1.85424805 -0.07794189 -0.89064387 0.66260487 -102.85186768 95.60394287 5.27593439 70.87766709 -1.75335693 0.09594727 -0.69834539 0.69298748 -100.29602051 87.19635010 -3.43738903 62.56227151
-147.77374268 151.13067627 3.60199738 -164.84069824 172.79052734 2.23819793 114.62250313 -1.92376709 0.04034424 -0.97738211 0.65303886 -119.78912354 97.93090820 -1.47550068 74.56755031 -1.89099121 0.11547852 -0.81301153 0.69769452 -112.35809326 89.69879150 -2.04940069 59.28549650
-164.84069824 172.79052734 3.34999847 -161.62109375 171.82159424 -3.99167197 118.02386349 -1.86676025 -0.00665283 -0.94666835 0.64310140 -105.93414307 91.17889404 -4.12055424 75.40955367 -1.84716797 0.09832764 -0.77265276 0.68219730 -108.67309570 89.69879150 4.11537715 62.45199685
-136.15417480 171.82159424 3.24900055 -145.20263672 181.12945557 0.16266445 107.48099244 -1.92022705 0.07116699 -0.95154039 0.68497143 -113.70086670 90.43884277 -2.47134802 70.59526995 -1.86621094 0.11016846 -0.80863406 0.71438608 -106.45294189 81.74133301 3.99420396 54.52034587
-145.20263672 181.12945557 2.89900208 -166.34368896 174.02648926 0.44876099 120.06261495 -1.87585449 0.02020264 -0.96981689 0.67534511 -120.52917480 98.46496582 -0.65597534 78.08579262 -1.89324951 0.17016602 -0.84218872 0.74005453 -110.11505127 86.29608154 1.46469116 61.28347323
-166.34368896 174.02648926 3.59799957 -163.97094727 181.00738525 -22.73675951 114.96660119 -1.89294434 0.15344238 -0.87788107 0.67595948 -121.42181396 103.79028320 -17.74196301 79.22341143 -1.93762207 0.13769531 -0.79582085 0.70696060 -98.98376465 76.04980469 11.40827244 51.37982344
-147.91870117 181.00738525 3.30300140 -147.74322510 226.63116455 -15.97243089 127.66025822 -1.88800049 0.28961182 -0.97848863 0.68561250 -114.60113525 125.64086914 -13.48040654 88.79090853 -1.97229004 0.15283203 -0.93765728 0.71965939 -122.13134766 83.53424072 8.48799485 60.12198284
-145.53833008 226.63116455 3.24800110 -156.44073486 220.30639648 -2.94293098 124.60849141 -1.88146973 0.25946045 -0.90387308 0.69894491 -125.23651123 123.75640869 -6.01570561 88.30407449 -1.91394043 0.14916992 -0.85745642 0.71824083 -129.69970703 83.34350586 1.49305811 63.08437023
-156.44073486 220.30639648 2.89599609 -154.78515625 199.93591309 14.08417371 120.70251784 -1.89422607 0.24462891 -0.81924874 0.78595906 -113.38806152 118.25561523 8.33270015 82.40253171 -1.93548584 0.14483643 -0.78923066 0.79941696 -126.41143799 89.57672119 -5.00332579 63.53381474
-143.40972900 199.93591309 3.49900055 -166.14532471 217.31567383 2.26474630 122.42011468 -1.96075439 0.30090332 -0.99259686 0.72346237 -139.65606689 126.87683105 -0.13022587 87.45918664 -1.98529053 0.18096924 -0.94957865 0.73663559 -125.87738037 79.79583740 2.35379975 58.68457012
-166.14532471 217.31567383 3.25000000 -178.37524414 202.49938965 -12.36645929 130.25056979 -1.91943359 0.21459961 -0.86439356 0.67664880 -132.48443604 123.55041504 -9.86822720 94.52288700 -1.96472168 0.16510010 -0.81973161 0.70188059 -115.05889893 72.95227051 6.15244898 57.95023316
-178.37524414 202.49938965 3.00000000 -174.82757568 191.62750244 5.03868892 126.05971809 -1.96209717 0.18780518 -0.88601264 0.78019071 -139.35852051 132.72857666 2.10216128 91.58152110 -1.97290039 0.16375732 -0.88171597 0.79704292 -105.63659668 83.48083496 1.64715997 52.24424543
-164.61944580 191.62750244 3.59799957 -174.85046387 185.96649170 -29.96444702 127.48840936 -1.94250488 0.18035889 -0.84004580 0.69017257 -139.35852051 114.52484131 -22.78281902 91.27877975 -2.00000000 0.19189453 -0.79664875 0.73509377 -121.30737305 83.63342285 11.32517848 63.73206191
-174.85046387 185.96649170 3.15100098 -173.33221436 195.16754150 1.50284400 135.90429800 -1.94622803 0.21838379 -0.81180631 0.74472931 -137.65716553 130.55419922 -1.61977915 101.35393886 -2.00000000 0.16778564 -0.83343741 0.77589170 -105.94177246 82.47375488 -1.55170147 57.37136885
-173.33221436 195.16754150 3.29800415 -169.51751709 187.98828125 11.94061279 121.50212602 -1.94360352 0.18463135 -0.87544189 0.76056973 -119.69757080 118.24798584 6.31912231 85.97414614 -1.96386719 0.14202881 -0.85377686 0.77539711 -100.18920898 75.03509521 -4.82284546 55.25743393
-156.26525879 187.98828125 3.19898987 -178.39813232 176.12457275 1.90435671 123.78072238 -1.90960693 0.12469482 -0.90424063 0.69882503 -130.56182861 111.08398438 0.44415044 89.12622453 -1.92230225 0.12023926 -0.88627595 0.70680076 -100.49438477 73.31085205 -0.43846579 52.94560988
-178.39813232 176.12457275 3.25300598 -176.07116699 190.68908691 7.57846317 126.76362178 -1.90069580 0.11737061 -1.19322741 0.57610545 -130.56182861 113.34228516 2.30160275 95.32073826 -1.92504883 0.08264160 -1.15823447 0.58260059 -115.47851562 75.08850098 -6.23424633 58.58956112
-143.34106445 190.68908691 3.09899902 -169.87609863 203.10211182 17.19284058 126.46273871 -1.92315674 0.23974609 -0.87004598 0.75595549 -127.70080566 132.17163086 9.50919257 93.55970203 -1.94873047 0.18774414 -0.86447483 0.75371957 -107.99407959 84.82360840 -3.59287968 57.23703567
-169.87609863 203.10211182 3.10499573 -168.06793213 188.63677979 5.23010890 125.14084065 -1.90307617 0.17132568 -0.84403865 0.73031535 -139.24407959 115.76843262 2.90425618 89.76910258 -1.96197510 0.14196777 -0.82632319 0.75348388 -107.95593262 84.82360840 -0.24429957 57.42289510
-165.84014893 188.63677979 3.09901428 -188.67492676 221.77124023 -7.29697091 138.37228540 -1.92614746 0.31250000 -0.77925328 0.72660108 -137.02392578 152.11486816 -5.17366370 101.97926040 -2.00000000 0.14764404 -0.79517598 0.75539467 -107.26928711 77.67486572 7.58346246 55.35645343
-188.67492676 221.77124023 3.19499207 -179.00085449 184.32617188 0.22766807 124.29975509 -1.92364502 0.20788574 -0.87042098 0.75176443 -129.03594971 113.17443848 -3.52027199 88.42712905 -1.89050293 0.16668701 -0.83830539 0.75357090 -106.03332520 77.67486572 -1.00898743 57.86715551
-168.25866699 184.32617188 3.20300293 -160.96496582 180.37414551 -20.45455933 122.56793254 -1.86834717 0.12652588 -0.80904785 0.66045650 -127.89154053 112.03765869 -15.77224731 86.97509002 -1.88684082 0.16351318 -0.75351807 0.68526055 -114.31121826 74.69940186 8.30642700 58.54089449
-151.16119385 180.37414551 3.39900208 -171.97418213 202.94952393 -4.15513780 118.27471062 -1.88177490 0.07769775 -0.70671658 0.72575375 -137.33673096 126.53350830 -5.76494005 86.60745464 -1.88629150 0.14550781 -0.68522271 0.74809678 -112.06817627 75.10375977 1.52197944 54.59090653
-171.97418213 202.94952393 3.40299988 -171.45538330 176.74255371 -5.53330131 119.66288250 -1.90716553 0.09710693 -0.84377654 0.68339335 -136.19232178 115.25726318 -2.71407418 88.65674167 -1.95410156 0.12042236 -0.79852162 0.72451694 -110.23712158 84.85412598 6.57836251 57.81014997
-170.60852051 176.74255371 3.45098877 -167.87719727 187.37030029 -18.41750512 123.92878054 -1.84515381 0.18243408 -0.74516883 0.67904075 -126.74713135 113.68560791 -15.40213365 87.71236492 -1.87121582 0.23156738 -0.68932284 0.66589569 -101.56250000 87.76092529 13.06621845 57.20898581
-148.71215820 187.37030029 2.95201111 -173.24829102 172.08099365 -8.46763279 113.53297494 -1.97760010 0.11352539 -0.87834367 0.78921632 -136.04736328 110.50415039 -7.24560282 80.13826943 -2.00000000 0.10601807 -0.87463644 0.83719025 -102.03552246 86.10534668 -0.42774366 53.99814049
-173.24829102 172.08099365 3.55000305 -181.15997314 196.74682617 -28.34895400 120.42064609 -1.94329834 0.20788574 -0.87502001 0.71343559 -131.41632080 134.01031494 -24.45058354 89.78483645 -1.94763184 0.12957764 -0.87597656 0.71826426 -100.15106201 78.65142822 13.73516145 49.21491437
-181.15997314 196.74682617 3.35099792 -208.00781250 191.73431396 -5.44462533 129.93317778 -1.90075684 0.17474365 -0.74191810 0.72003038 -152.13775635 119.41528320 -5.76440219 91.26032177 -1.94830322 0.11987305 -0.74914340 0.74320941 -102.65350342 107.96356201 3.78075961 61.48353865
-208.00781250 191.73431396 153.00599670 0.00000000 0.00000000 -0.00000000 -0.00000000 0.00000000 0.00000000 -0.00000000 -0.00000000 0.00000000 0.00000000 -0.00000000 -0.00000000 0.00000000 0.00000000 -0.00000000 -0.00000000 0.00000000 0.00000000 -0.00000000 -0.00000000