25 23 7
-70.53375244 105.05676270 3.25499964 -83.61053467 90.42358398 5.14098576 48.05425898 -1.90673828 0.09893799 -0.64662824 0.71064701 -119.26269531 81.32934570 -14.12337167 71.17420419 -1.91528320 0.06719971 -0.66754041 0.72105273 -86.39526367 140.39611816 16.84188843 72.07506914
-83.61053467 90.42358398 4.29700041 -77.55279541 42.63305664 -10.42140080 24.00438657 -1.79211426 0.11669922 -0.58806434 0.57943974 -122.86376953 65.94848633 -34.55305833 59.11810411 -1.70404053 0.12921143 -0.54314998 0.55671189 -78.55224609 144.87457275 38.72246375 72.18388115
-30.00640869 42.63305664 2.90400028 -46.18072510 39.39819336 -6.06706407 27.46769656 -1.66510010 0.16967773 -0.69547119 0.61900146 -103.22570801 80.65032959 -20.22806803 63.86469958 -1.60296631 0.17327881 -0.66334500 0.57059391 -85.70098877 107.45239258 19.68197293 64.00483415
-46.18072510 39.39819336 2.24899864 -55.08422852 45.08209229 5.66425323 32.27950911 -1.68688965 0.10284424 -0.71412964 0.66489569 -91.11785889 76.33209229 3.94134521 57.61383047 -1.56256104 0.08020020 -0.67387238 0.60715262 -61.99645996 74.29504395 -6.89029694 48.55508167
-55.08422852 45.08209229 3.15000153 -52.73437500 33.07342529 -2.95798562 25.99880112 -1.66510010 0.16394043 -0.63032449 0.59766353 -91.04156494 79.38385010 -12.18553023 63.82466626 -1.59613037 0.17425537 -0.57782870 0.56192068 -63.27056885 80.65032959 9.75258567 51.13927072
-38.23089600 33.07342529 10.69999886 -39.45159912 33.08868408 0.12481689 18.38851979 -1.81878662 0.07873535 -0.72137207 0.58993682 -101.57775879 74.18060303 -19.17109898 54.99236051 -1.82482910 0.08807373 -0.61982701 0.57081024 -69.64111328 108.16192627 16.59075056 56.14023776
-39.45159912 33.08868408 3.29899979 -64.19372559 44.05975342 1.01402828 28.62171830 -1.80426025 0.02716064 -0.86631012 0.63004134 -98.01483154 61.01989746 -13.37105887 61.86694709 -1.75579834 0.08508301 -0.73802730 0.63423145 -73.69995117 107.56683350 14.22636850 65.82901882
-64.19372559 44.05975342 7.55200195 -58.05969238 60.34088135 3.95840406 26.25467585 -1.87762451 0.00555420 -0.96956921 0.66037220 -107.17010498 66.20788574 -16.96258783 57.72250241 -1.84643555 0.08599854 -0.83652735 0.65499015 -82.13806152 126.54113770 15.61874151 63.87389483
-37.07885742 60.34088135 32.00699615 -36.34643555 33.04290771 -1.20451072 12.08964608 -1.94860840 0.03234863 -0.92621818 0.65364392 -94.10858154 63.35449219 -18.78324841 47.90491561 -1.94653320 0.11395264 -0.76207282 0.66814065 -99.05242920 130.31005859 15.07946182 66.99744112
-33.37097168 33.04290771 8.35100555 -32.19604492 53.10821533 3.36767126 18.06938517 -1.91094971 0.05267334 -0.78834861 0.64823781 -90.67535400 68.58825684 -25.30630606 47.14883580 -1.86120605 0.13952637 -0.64832990 0.64334925 -108.05511475 141.10565186 28.74659786 84.02941100
-27.40478516 53.10821533 3.34999847 -39.03198242 38.69628906 -0.20152125 17.74761581 -1.86273193 -0.00811768 -0.94792123 0.66234326 -88.63830566 68.58825684 -11.54893020 48.42696272 -1.93310547 0.02905273 -0.86045364 0.70894260 -124.45831299 142.31872559 4.34230936 87.21638536
-39.03198242 38.69628906 7.15399933 -37.09411621 38.40637207 -2.45241259 16.74129020 -1.90307617 0.00531006 -1.00157291 0.67052254 -82.20672607 55.13000488 -16.51632590 44.83735668 -1.85723877 0.09252930 -0.83472130 0.66844889 -106.06384277 123.87084961 11.97583558 72.84046085
-33.11157227 38.40637207 3.25199890 -57.47222900 37.15515137 -0.54776227 20.85983002 -1.81842041 0.13696289 -0.97975215 0.69363006 -82.77130127 67.07000732 -16.48966471 47.82461557 -1.81872559 0.10351562 -0.83799574 0.66072762 -124.90844727 143.33343506 13.00190113 85.66929448
-57.47222900 37.15515137 3.10099792 -58.76159668 54.50439453 4.06338618 30.00415075 -1.90399170 0.09753418 -0.84376643 0.71574050 -69.73266602 59.21936035 -8.07615427 46.91388983 -1.80114746 0.12145996 -0.75695097 0.68983426 -130.73730469 130.92803955 3.41635484 92.38415133
-58.76159668 54.50439453 4.85100555 -54.22973633 40.18402100 3.84140015 19.09545370 -1.87695312 0.04541016 -1.03320847 0.64880311 -76.49993896 53.06243896 -6.58273697 45.69312030 -1.90692139 0.08807373 -0.90259781 0.63508366 -118.14117432 108.92486572 -0.99534988 77.96738398
-26.49688721 40.18402100 10.39599609 -39.71099854 68.25256348 2.75969924 20.43325056 -1.92346191 0.05352783 -0.81896580 0.67845523 -87.15057373 53.71856689 -15.77214470 45.26006986 -1.87640381 0.07781982 -0.72177178 0.66790328 -114.25781250 142.60101318 11.56094200 74.84545307
-39.71099854 68.25256348 2.25099945 -54.96215820 27.09960938 5.90738436 22.87011882 -1.92346191 0.01892090 -0.76519031 0.69543364 -72.93701172 49.17907715 -44.74491026 36.93953328 -1.87640381 0.07232666 -0.65210556 0.68932604 -92.37670898 107.15484619 47.99317151 57.51060479
-54.96215820 27.09960938 3.30000305 -55.13000488 37.70446777 -4.52512105 26.61938232 -1.82452393 0.03338623 -0.82109884 0.63852458 -78.26232910 53.53546143 -15.00651042 50.82517046 -1.83599854 0.07501221 -0.70930481 0.63491125 -91.91894531 105.69000244 9.34638977 74.88690646
-55.13000488 37.70446777 15.05400085 -40.84777832 36.24725342 0.95054902 13.55474715 -1.89782715 0.09936523 -0.95877700 0.69086094 -96.51947021 62.89672852 -13.38149841 55.14871387 -2.00000000 0.09838867 -0.88782327 0.70441035 -114.81475830 148.78845215 8.42585430 74.97001063
-40.13824463 36.24725342 2.15199280 -40.35949707 34.88922119 3.20020403 21.76949396 -1.88415527 0.01013184 -0.84515206 0.72682501 -100.97503662 48.65264893 -44.15196010 38.34464876 -1.91760254 0.04364014 -0.77691127 0.74149920 -80.59692383 122.09320068 56.70558384 60.84887430
-40.35949707 34.88922119 3.65400696 -50.41503906 34.29412842 6.19455973 21.19451333 -1.76403809 0.12896729 -0.66471354 0.61475506 -81.33697510 69.59533691 -8.79364014 53.78800781 -1.63079834 0.13922119 -0.51936985 0.52639851 -112.28942871 116.78314209 1.67626275 78.90901276
-50.41503906 34.29412842 3.05099487 -45.84503174 33.02001953 -5.11398315 23.46861196 -1.82147217 0.10778809 -0.71591431 0.66814067 -94.64263916 69.59533691 -8.13690186 66.28719079 -1.81372070 0.13757324 -0.65982422 0.64982578 -112.28942871 118.57604980 2.07107544 81.51052132
-45.84503174 33.02001953 7.45199585 -45.00579834 29.54101562 0.99532835 15.85961458 -1.87945557 0.11187744 -0.92286928 0.68195198 -115.26489258 77.84271240 -8.85483526 65.29588142 -1.90393066 0.18585205 -0.89383525 0.68571755 -100.93688965 121.52862549 3.36253258 75.64185695
-45.00579834 29.54101562 7.90200806 -47.08099365 29.56390381 -0.26151217 15.81969373 -1.90393066 0.10369873 -0.72844097 0.68387801 -115.48614502 77.98767090 -25.67590567 71.33186640 -1.94329834 0.12023926 -0.69505897 0.68833402 -92.73529053 137.20703125 24.65239305 74.04407815
-47.08099365 29.56390381 13.10600281 -60.09674072 54.32891846 0.60710201 16.87283240 -1.86010742 0.18225098 -0.86305039 0.71782994 -123.76403809 85.93750000 -19.40490581 60.37394357 -2.00000000 0.14593506 -0.82979923 0.71965094 -108.45947266 148.68164062 17.19527774 76.93247945