49 23 7
-65.65856934 58.18939209 5.10200023 -62.33978271 58.18939209 -3.75067669 23.23078400 -2.00000000 -1.66937256 -1.86318749 0.08970160 -71.38824463 65.01007080 5.81160836 41.67776324 -1.92663574 -0.22753906 -1.22698532 0.54477204 -126.35803220 100.18157960 -3.63214465 73.00236266
-54.97741699 80.23834229 1.40399933 -43.98345947 80.23834229 9.50408936 37.67347095 -2.00000000 -1.70172119 -1.82714844 0.08199549 -77.81982422 60.12725830 -15.89080811 41.85282952 -2.00000000 -0.66461182 -1.57616699 0.43362573 -59.41772461 108.69598390 41.16027832 58.79891297
-40.51971436 44.24285889 1.19799996 -61.33270264 44.24285889 -15.65742493 25.00670968 -2.00000000 -1.74554443 -1.91715088 0.07857321 -16.52526855 44.89135742 14.23110962 23.14971131 -1.50653076 -0.26263428 -0.77123108 0.40574035 -113.15155030 87.12005615 -24.37705993 72.77560467
-61.33270264 54.54254150 4.10700130 -59.98229980 54.54254150 -0.33453739 28.30229353 -2.00000000 -1.65924072 -1.88261830 0.08508193 -73.75335693 63.94958496 -5.46819513 42.88299248 -2.00000000 -0.31420898 -1.28984948 0.49883965 -113.42620850 97.76306152 12.38112016 75.67311463
-40.14587402 38.98620605 1.50000000 -56.06079102 38.98620605 -10.85163997 23.19333553 -2.00000000 -1.71301269 -1.89027757 0.09084492 -32.14263916 61.96594238 21.13547692 32.38389246 -1.96459961 -0.23089600 -0.96193754 0.60928699 -135.75744630 83.55712891 -38.70890691 77.40678714
-56.06079102 59.75341797 2.20099831 -37.81890869 59.75341797 -1.49559975 24.25549080 -2.00000000 -1.71301269 -1.90194893 0.09019775 -64.90325928 63.32397461 -9.03820992 41.29826063 -1.99237061 -0.13018799 -0.96469688 0.60671160 -144.70672610 112.73956300 16.42060280 91.78188542
-37.81890869 61.69128418 2.45300102 -45.99761963 61.69128418 -1.40811235 29.99284148 -2.00000000 -1.55590820 -1.86785263 0.11117153 -90.95764160 75.75225830 0.77526386 51.08348000 -1.97222900 -0.07763672 -1.09031951 0.62100961 -127.57873540 116.15753170 -1.81755653 86.46531610
-45.99761963 35.52246094 3.00600052 -45.08209229 35.52246094 -5.54386775 24.13001551 -2.00000000 -1.67846680 -1.85308075 0.09565663 -50.28533936 75.75225830 10.31684876 42.87079112 -1.95013428 -0.00024414 -1.18523280 0.59762159 -152.74047850 92.49114990 -19.31238174 79.65134137
-45.08209229 39.75677490 2.35199928 -38.29956055 39.75677490 1.27887726 21.89533309 -2.00000000 -1.66369629 -1.88195190 0.10159680 -68.48907471 86.95983887 -0.53291321 50.18060681 -1.93353271 -0.12316895 -1.09612579 0.59054191 -130.56182860 106.77337650 6.23836517 82.82275184
-38.29956055 49.31640625 2.65600014 -47.73712158 49.31640625 -4.87753061 25.51568937 -2.00000000 -1.62011719 -1.88348858 0.09951085 -64.14794922 60.10437012 6.07573680 38.22601090 -1.91442871 -0.24285889 -1.17079515 0.54377978 -101.67694090 104.72106930 -5.05848420 79.05837954
-47.73712158 41.16821289 2.35199928 -37.42218018 41.16821289 -1.46914751 20.61845341 -2.00000000 -1.63482666 -1.88460912 0.10142231 -59.17358398 59.22698975 -3.61378988 33.23756902 -1.94989014 -0.28576660 -1.11741912 0.58789296 -114.08233640 105.30090330 2.79940091 81.65697133
-37.42218018 37.27722168 2.44800186 -72.95227051 37.27722168 -0.13774150 27.15907250 -2.00000000 -1.61242676 -1.87800557 0.09869533 -66.22314453 92.80395508 1.11389160 46.55002530 -1.93109131 -0.22625732 -1.16351153 0.56596884 -131.52313230 98.70910645 -10.22524447 84.17256956
-72.95227051 31.53228760 2.60299683 -57.04498291 31.53228760 -1.19036297 23.01361958 -2.00000000 -1.61242676 -1.87815538 0.10304423 -56.32019043 83.15277100 2.48044036 39.28612136 -2.00000000 -0.17730713 -1.11613571 0.58280878 -133.58306880 96.51184082 -0.40205135 82.88842728
-57.04498291 71.02966309 1.50200272 -53.83300781 71.02966309 0.38973490 32.19472737 -2.00000000 -1.43811035 -1.84320831 0.16525673 -89.95056152 64.10980225 -23.76270294 36.53759808 -1.91955566 -0.26293945 -1.14829508 0.55399469 -77.75878906 113.63983150 55.11983235 57.54427648
-39.44396973 53.43627930 2.60199737 -34.29412842 53.43627930 -2.57152981 26.91230803 -2.00000000 -1.67413330 -1.87317742 0.10302939 -74.07379150 70.86181641 -2.65757243 41.00779693 -1.95642090 -0.17083740 -1.12438795 0.60850973 -141.35742190 105.32379150 9.43289863 81.00263358
-34.29412842 41.96166992 0.95100021 -54.10003662 41.96166992 -13.13153435 28.16128491 -2.00000000 -1.79034424 -1.92553352 0.06672328 -24.62005615 70.58715820 37.38223805 27.84148267 -1.62933350 -0.16735840 -0.83784754 0.50586031 -132.44628910 78.96423340 -70.55260154 56.91278812
-54.10003662 47.11151123 2.70100022 -52.82592773 47.11151123 -6.80316578 24.68895028 -2.00000000 -1.63574219 -1.86947909 0.09886985 -83.51135254 72.01385498 4.04080478 48.38501763 -1.92822266 -0.09191895 -1.09717352 0.59150521 -114.68505860 102.98156740 -6.72548467 79.80231747
-52.77252197 44.30389404 2.55200195 -46.51641846 44.30389404 -3.77418881 24.53507662 -2.00000000 -1.63574219 -1.84753127 0.10480154 -61.59210205 79.11682129 -3.27791486 45.39041980 -1.96771240 -0.05541992 -1.17477853 0.57988421 -130.79071040 92.91076660 12.80993507 73.07483209
-46.51641846 54.00085449 1.19899750 -37.68920898 54.00085449 6.78694876 23.56275638 -2.00000000 -1.65344238 -1.84989528 0.10398020 -74.18060303 33.54644775 -39.69814903 29.52599445 -1.96771240 -0.39434814 -1.20908717 0.55237552 -59.95941162 104.84313960 65.75172826 44.43020223
-24.36828613 63.46130371 1.15200043 -39.13116455 63.46130371 -6.66160583 24.12395480 -2.00000000 -1.72399902 -1.87174683 0.08986923 -32.79113770 84.86938477 30.57975769 39.78801652 -1.70404053 -0.04302979 -0.74611816 0.54325027 -164.81018070 73.16589355 -54.55284119 80.08912851
-39.13116455 45.90606689 2.55300140 -35.90393066 45.90606689 -5.55640773 18.39034302 -2.00000000 -1.69451904 -1.88654849 0.09330001 -77.10266113 80.70373535 11.90245779 48.47728071 -1.99987793 -0.07165527 -0.98261944 0.58418915 -146.73614500 102.98156740 -10.59421740 86.15593053
-35.68267822 42.38128662 2.65299988 -47.74475098 42.38128662 -1.97370662 22.05594775 -2.00000000 -1.61627197 -1.85472923 0.10224135 -87.44812012 80.04760742 -0.34190333 51.67372414 -2.00000000 -0.06176758 -1.22141000 0.59271932 -144.88220210 107.59735110 5.51711682 83.97653913
-47.74475098 63.72833252 2.60200119 -36.13281250 63.72833252 2.19312395 24.12536977 -2.00000000 -1.67132568 -1.88077044 0.08862839 -76.30920410 69.87762451 -4.22363281 49.55713948 -1.89941406 -0.04913330 -1.04861886 0.54346078 -150.54321290 100.66223140 11.93411691 85.86115498
-36.13281250 38.32244873 2.55199814 -58.54034424 38.32244873 -4.73254660 21.68209986 -2.00000000 -1.60650635 -1.86736928 0.10332393 -79.78057861 74.89013672 4.48177172 50.20457313 -1.91070557 -0.11437988 -1.05996704 0.61837212 -151.52740480 100.86822510 -2.79053398 84.11500209
-58.54034424 66.30706787 2.50200271 -49.20196533 66.30706787 -0.04386902 27.02984065 -2.00000000 -1.69903564 -1.86978760 0.08594324 -67.71087646 59.90600586 -3.37963104 44.87000367 -1.94866943 -0.17126465 -1.09761200 0.55261538 -132.66754150 96.48132324 1.93004608 82.51852298
-49.20196533 44.12841797 1.65000153 -46.07391357 44.12841797 -1.88152607 25.73967069 -1.98760986 -1.60137939 -1.85245690 0.09690468 -70.38116455 59.90600586 -27.53067017 36.34635573 -1.91760254 -0.16265869 -1.10678101 0.60325771 -67.57354736 107.04040530 56.80641761 53.36632803
-33.69903564 55.88531494 1.15099335 -60.24932861 55.88531494 -2.54752419 32.06006077 -2.00000000 -1.62860107 -1.88296509 0.11875125 -26.77154541 70.99914551 40.35949707 27.48246864 -1.89379883 -0.04956055 -0.93241189 0.64448950 -151.81732180 76.84326172 -81.23536543 61.13789449
-60.24932861 51.26190186 2.35000610 -57.40356445 51.26190186 -6.63636860 23.04594365 -2.00000000 -1.59289551 -1.87605366 0.10129110 -62.24060059 67.93212891 1.02093345 42.35484273 -1.93017578 -0.09539795 -0.98692241 0.57479459 -139.45770260 99.93743896 -1.08959800 82.77005116
-37.30773926 40.88592529 2.84999847 -45.82977295 40.88592529 0.69529215 23.95237105 -2.00000000 -1.64428711 -1.86379259 0.10791480 -80.22308350 70.16754150 0.74903700 48.64379819 -1.94384766 -0.06872559 -1.08330214 0.63239972 -135.01739500 104.59899900 -0.82804362 84.28496070
-45.82977295 42.91534424 1.40200043 -36.48376465 42.91534424 -0.84022854 25.20313634 -2.00000000 -1.65948486 -1.85798711 0.11430140 -89.82086182 52.55889893 -34.46927278 36.71557770 -1.93756104 -0.10180664 -1.10085662 0.69211137 -40.47393799 131.71386720 65.93886666 50.54812077
-36.48376465 56.84661865 1.00000000 -36.24725342 56.84661865 -6.31713867 28.13490337 -2.00000000 -1.69085693 -1.89936739 0.10148779 -18.05877686 77.41546631 44.88372803 31.98467901 -1.61700439 -0.10260010 -0.75468176 0.56083427 -139.60266110 65.39916992 -78.20712819 59.09340821
-36.24725342 66.28417969 1.75099945 -60.14251709 66.28417969 -1.13786970 29.48425299 -2.00000000 -1.54193115 -1.84412929 0.11984605 -81.93969727 70.20568848 -20.35549709 44.02482230 -1.92864990 -0.01379395 -1.07424491 0.65737271 -59.24224854 118.36242680 49.65509687 60.58465604
-60.14251709 67.03948975 2.70299530 -41.87011719 67.03948975 -3.62236555 22.85297569 -2.00000000 -1.64825439 -1.84995997 0.10471624 -77.27050781 87.43286133 1.01524176 53.65547040 -1.96704102 -0.05096436 -0.89680233 0.65938883 -160.92681880 122.81036380 1.08692258 90.63063144
-41.87011719 60.87493896 2.65200043 -41.06140137 60.87493896 4.06765408 23.70691780 -2.00000000 -1.63458252 -1.87028402 0.10115965 -78.07922363 84.41162109 2.73793538 51.09973585 -1.91009521 -0.06457520 -0.82049967 0.59171454 -127.55584720 112.28179930 -1.10236274 90.09444654
-41.06140137 44.55566406 1.24400329 -33.81347656 44.55566406 -1.79852937 20.07557419 -2.00000000 -1.74328613 -1.86774003 0.09083224 -13.24462891 76.95007324 49.15779515 25.26698210 -1.99694824 -0.04626465 -0.92395662 0.65608407 -142.56286620 59.43298340 -83.25074849 48.43292379
-27.13775635 60.64605713 1.00299836 -27.03857422 60.64605713 13.68904114 25.31617474 -2.00000000 -1.67932129 -1.83884811 0.10109865 -76.46942139 47.15728760 -41.16630554 32.04855793 -1.99694824 -0.42968750 -1.38677597 0.50219501 -40.17639160 101.95922850 68.00746918 42.66572478
-27.03857422 55.80139160 1.55100250 -40.61126709 55.80139160 -7.08536001 24.58203065 -2.00000000 -1.72100830 -1.91355309 0.08726471 -40.65704346 85.37292480 21.94213867 43.13198794 -1.76306152 -0.06781006 -0.66833027 0.55301356 -134.51385500 90.78216553 -35.66712599 76.69352161
-40.61126709 35.70556641 2.60399628 -50.62866211 35.70556641 -1.63682302 20.09052902 -2.00000000 -1.66088867 -1.87172699 0.10423892 -61.93542480 79.03289795 1.95089976 49.57339808 -2.00000000 -0.14245605 -1.01031494 0.60670393 -135.42938230 97.89276123 -1.11293793 81.05482894
-50.62866211 42.59490967 2.55200195 -49.60632324 42.59490967 -0.16125766 24.33400834 -2.00000000 -1.63708496 -1.87533569 0.10424169 -78.20892334 68.66455078 -1.51218067 50.31871704 -1.89916992 -0.15905762 -1.06135698 0.57543062 -133.93402100 101.80664060 0.06727739 83.35354420
-36.71264648 56.80084229 1.50199890 -34.45434570 56.80084229 6.68334961 26.76599610 -2.00000000 -1.66735840 -1.84389320 0.09132878 -79.07104492 66.68853760 -24.19016911 43.72239796 -1.98364258 -0.29644775 -1.30046199 0.59691568 -62.13378906 104.93469240 51.14188561 57.08531865
-34.45434570 57.41119385 0.75099945 -41.56494141 57.41119385 -16.41429554 24.89075446 -2.00000000 -1.69311523 -1.88245739 0.10800609 -29.11376953 65.42968750 27.27716619 38.59861630 -1.31774902 -0.04553223 -0.57268732 0.38337741 -155.25054930 87.53204346 -46.63848878 91.31246325
-41.56494141 52.31475830 2.79900360 -50.04882813 52.31475830 -1.97260003 27.39379321 -2.00000000 -1.69598389 -1.85883371 0.10764127 -74.28741455 93.52874756 3.11560380 57.46149227 -1.95257568 -0.04858398 -1.14170115 0.59394079 -131.83593750 96.32110596 -1.14481073 76.89124853
-50.04882813 50.11749268 2.59999848 -50.29296875 50.11749268 -2.71362954 23.98522587 -2.00000000 -1.61322021 -1.85470256 0.11299418 -75.50048828 93.82629395 3.68662083 51.19904895 -1.92395019 -0.08673096 -1.06636080 0.59609346 -165.12298580 113.62457280 0.35338706 86.71458574
-50.29296875 100.44860840 1.40200042 -35.96496582 100.44860840 10.04091899 35.42109410 -2.00000000 -1.47363281 -1.84090678 0.11822455 -99.39575195 72.24273682 -32.85566966 47.10107083 -2.00000000 -0.44104004 -1.33916219 0.51647187 -50.56762695 109.90142820 61.48179372 54.06714241
-25.74157715 49.64447021 1.50099942 -44.73876953 49.64447021 -8.49669320 24.06674206 -2.00000000 -1.78143311 -1.90988595 0.06600489 -35.26306152 78.59802246 26.30860465 38.91273820 -1.89984131 -0.05181885 -0.79234096 0.59442573 -139.86206050 65.65856934 -45.48154559 69.77896640
-44.73876953 37.16278076 4.95300300 -45.03631592 37.16278076 -0.75654984 19.17182385 -2.00000000 -1.64080811 -1.87254868 0.09469402 -73.39477539 85.54840088 -4.23135757 47.69117644 -2.00000000 -0.23779297 -1.09599609 0.55335749 -126.21307370 96.11511230 5.95712662 77.95044196
-45.03631592 30.74645996 2.64999390 -51.25427246 30.74645996 -3.41463089 19.28229425 -2.00000000 -1.63372803 -1.85573069 0.09578155 -67.64984131 83.93096924 0.19645691 46.05315514 -1.96557617 -0.27722168 -1.22375488 0.51743627 -124.09973140 85.10589600 -0.07915497 73.98332536
-51.25427246 37.87231445 2.39900200 -69.64874268 37.87231445 -5.61783530 21.16723724 -2.00000000 -1.64404297 -1.86775762 0.10482469 -64.79644775 95.18432617 3.27821211 46.90043869 -1.98114014 -0.33203125 -1.11689481 0.52288440 -111.76300050 80.86395264 -0.30309504 73.84068072
-69.64874268 52.45971680 8.05300140 -53.54309082 52.45971680 -1.14481377 18.36254146 -2.00000000 -1.63800049 -1.85186444 0.10306885 -84.25903320 91.05682373 1.24659683 46.53975641 -1.99304199 -0.11401367 -1.11825885 0.57058132 -149.22332760 110.97717290 -0.62410759 77.55488325