40 23 7
-47.08862305 40.49682617 2.04300022 -42.63305664 49.86572266 6.31573326 28.95644498 -1.15051269 -0.68725586 -0.87166234 0.13522548 -23.13232422 16.53289795 -2.13703356 11.47132001 -0.06848145 0.00817871 -0.02882466 0.02043311 -15.01464844 19.46258545 3.10395893 10.01797095
-36.42272949 49.86572266 2.89999962 -45.66955566 43.24340820 -2.83568760 27.80052412 -1.08331299 -0.78479004 -0.94190490 0.08413400 -14.49584961 6.69097900 -2.35676316 7.04572444 -0.08648682 0.01483154 -0.03354400 0.02083191 -10.53619385 16.58630371 4.16507361 8.30731810
-45.66955566 43.24340820 2.84899998 -36.45324707 52.23083496 -2.60321299 23.85514085 -1.17639160 -0.73461914 -0.91586177 0.13357180 -19.73724365 9.59777832 -3.41558456 7.05977816 -0.11688232 0.03997803 -0.03067652 0.02800064 -14.02282715 23.53668213 5.80151876 10.57358160
-36.45324707 52.23083496 2.74800014 -34.22546387 33.54644775 -2.94397232 23.34279661 -1.13232422 -0.69812012 -0.90664218 0.13597814 -22.30072021 12.76397705 -1.88851864 8.33767902 -0.11248779 0.01892090 -0.03643150 0.02847945 -15.15960693 21.32415771 5.14367286 11.23531532
-30.56335449 33.54644775 4.49900055 -27.77862549 44.93713379 2.82189785 21.64255486 -1.12829590 -0.73736572 -0.92645029 0.10883482 -19.68383789 18.65386963 -1.61488851 9.87095393 -0.08129883 0.02996826 -0.02710352 0.02193705 -18.29528809 18.75305176 3.21197510 8.03391574
-26.58081055 44.93713379 1.95100022 -29.65545654 44.89135742 4.13447789 21.54183348 -1.13714600 -0.79309082 -0.94150391 0.11882967 -18.71490479 15.38085938 2.11879185 8.75018345 -0.08416748 0.01086426 -0.02893764 0.02122561 -17.08984375 10.84136963 1.37023926 7.12604918
-29.65545654 44.89135742 5.04599952 -34.43145752 36.13281250 -0.60064142 20.26687300 -1.17492676 -0.69464111 -0.89754070 0.13115610 -26.15356445 34.17205811 -2.89336118 15.72081549 -0.13140869 0.02642822 -0.04086512 0.03138254 -20.27893066 17.89093018 2.29202617 10.85023429
-34.43145752 36.13281250 2.29899979 -30.56335449 33.30993652 2.49667284 20.87178868 -1.14807129 -0.74920654 -0.89505526 0.12289979 -26.06201172 16.86859131 -1.15855147 14.09254308 -0.09051514 -0.00524902 -0.04514220 0.02245008 -12.68768311 20.84350586 3.03445211 10.83104078
-28.56445313 33.30993652 2.35099983 -35.56060791 49.59869385 0.76755258 22.40659804 -1.12896729 -0.70410156 -0.90809241 0.13657948 -31.51702881 26.22222900 -0.80108643 16.10466757 -0.09014893 0.00128174 -0.04128815 0.02233647 -17.44079590 22.04132080 2.59452642 9.62183145
-35.56060791 49.59869385 4.79900170 -40.64941406 34.85107422 2.53455583 22.08380789 -1.10198975 -0.73468018 -0.90563681 0.10136203 -28.77807617 25.58135986 -0.88642919 14.65893725 -0.14154053 0.01141357 -0.04779833 0.02800935 -20.01190186 23.11706543 2.95887437 10.52708503
-40.64941406 34.85107422 2.39999771 -36.09466553 37.78839111 -0.45794532 26.95772206 -1.06890869 -0.85784912 -0.95404634 0.05465615 -28.64837646 22.35412598 -0.93768892 14.71027394 -0.09301758 0.00476074 -0.04537383 0.02118374 -13.53454590 16.22009277 4.47881789 9.42601883
-36.09466553 37.78839111 2.05200195 -32.84454346 36.33880615 3.92644546 26.79110836 -1.09979248 -0.84002685 -0.94632138 0.06697744 -22.99499512 15.16723633 0.25625790 11.93648849 -0.07879639 0.01770019 -0.03889017 0.02221926 -11.16943359 13.07678223 1.58422133 8.17510391
-31.90612793 36.33880615 2.50199890 -45.94421387 42.88482666 0.30378862 24.92966277 -1.00836182 -0.81549072 -0.90539412 0.04992827 -28.08380127 18.22662354 -2.80813737 13.11253982 -0.10107422 -0.00775146 -0.03590254 0.02027598 -15.16723633 23.80371094 3.43877619 10.32533148
-45.94421387 42.88482666 2.99800110 -42.03033447 34.90447998 -4.47917434 24.97705930 -1.12500000 -0.75866699 -0.93425132 0.09843751 -26.08489990 23.10180664 -4.27663551 12.98251297 -0.09063721 0.03173828 -0.03907286 0.02566419 -12.42065430 17.15850830 4.86884927 8.01223109
-32.92083740 34.90447998 1.60099793 -33.05816650 45.89843750 8.72717963 23.10248416 -1.09796143 -0.78381348 -0.91113055 0.10298212 -17.54760742 23.62823486 4.02040835 12.24068603 -0.08117676 0.00476074 -0.03521502 0.02137223 -12.25280762 12.96997070 1.29501908 7.79771858
-33.05816650 45.89843750 2.89800262 -32.58514404 31.70013428 -5.85668227 20.20721418 -1.11389160 -0.77838135 -0.91302730 0.10302990 -21.20208740 18.63098145 -3.20359772 10.16426667 -0.08306885 0.00451660 -0.03571394 0.02346388 -12.87841797 16.69311523 4.09189860 7.64565051
-32.58514404 31.70013428 4.34999847 -30.61676025 31.26525879 1.45502090 15.73660114 -1.16894531 -0.82012940 -0.97935944 0.10091467 -23.20861816 29.77752686 -1.88350677 12.07897698 -0.07885742 0.00769043 -0.03734131 0.01961601 -10.84136963 17.93670654 3.34186554 7.96626007
-27.61077881 31.26525879 11.99400330 -35.58349609 33.53118896 0.53618089 15.02454920 -1.22045898 -0.79418945 -0.98489783 0.12005707 -36.13281250 25.29144287 -1.89230577 11.55160663 -0.13104248 0.02893066 -0.03788527 0.02686977 -18.59283447 25.20751953 3.80922713 11.37434620
-35.58349609 33.53118896 2.14599609 -31.28051758 36.91864014 2.23541260 19.68533998 -1.11511231 -0.85156250 -0.99108291 0.08125704 -20.03479004 16.69311523 1.32453732 8.70524898 -0.10607910 0.01483154 -0.04097692 0.02493254 -21.89636230 17.21954346 0.23632515 10.68596967
-22.93395996 36.91864014 2.44200135 -42.92297363 37.20855713 1.57570352 22.51151215 -1.10223389 -0.86486816 -0.96833646 0.07001647 -26.32141113 23.59771729 -0.55601159 13.66918311 -0.10552979 0.01940918 -0.04490568 0.02809290 -23.66638184 19.70672607 2.30469996 11.79991581
-42.92297363 37.20855713 2.50099945 -40.74096680 43.96820068 -3.23867798 28.05196902 -1.13476562 -0.84283447 -0.97396718 0.08028998 -28.84674072 17.49420166 -4.10577525 13.01172652 -0.11041260 0.01275635 -0.04815408 0.02747425 -17.42553711 17.51708984 5.22115956 9.79795859
-37.26959229 43.96820068 2.49800110 -35.93444824 34.27124023 1.59009298 24.01821104 -1.06500244 -0.79376221 -0.93848292 0.07880190 -25.99334717 21.06475830 -1.28793716 13.47421506 -0.10168457 0.03143311 -0.04382197 0.02717692 -12.44354248 15.34271240 3.25934092 7.76828357
-35.93444824 34.27124023 2.09899902 -40.26794434 39.90173340 1.15884317 26.37566931 -1.07244873 -0.79815674 -0.91291108 0.08473045 -25.74920654 15.38848877 -0.92130094 11.18109827 -0.08203125 -0.01293945 -0.04157649 0.01737807 -13.31329346 20.04241943 4.22297297 7.85298378
-40.26794434 39.90173340 2.59799957 -38.84887695 40.10009766 -0.06273058 26.97442819 -1.09411621 -0.83666992 -0.93675673 0.07772599 -23.63586426 17.53997803 -1.65812175 11.62136874 -0.10351562 -0.00085449 -0.04750163 0.02861605 -17.92144775 17.15087891 1.04183621 9.36249319
-38.84887695 40.10009766 2.24800110 -43.88427734 39.46685791 -1.36936072 26.85664861 -1.07116699 -0.83874512 -0.92860366 0.06575021 -25.26855469 16.86096191 -3.03626783 12.72907241 -0.13659668 -0.00488281 -0.06234464 0.03502039 -22.56011963 16.89910889 3.20550167 11.57947662
-43.88427734 39.46685791 2.69599915 -42.57202148 40.62652588 -0.17239185 32.51129586 -1.06921387 -0.86291504 -0.95193546 0.05867276 -22.86529541 20.61462402 -3.03812230 11.18493620 -0.12097168 -0.01635742 -0.07268898 0.02623333 -9.43756103 16.34216309 4.86170992 7.58722692
-37.10174561 40.62652588 2.84500122 -47.30987549 36.47613525 -3.89975089 30.31553285 -1.06005859 -0.75531006 -0.90925881 0.07642349 -25.82550049 18.52416992 -2.55330404 11.58087604 -0.11535645 0.02807617 -0.04661730 0.02962915 -9.42230225 18.97430420 4.74096228 7.68005120
-47.30987549 36.47613525 2.00099945 -41.67938232 50.68206787 6.27256695 31.14102227 -1.06475830 -0.75317383 -0.91249165 0.10487877 -20.16448975 16.14379883 -0.80530267 11.20256321 -0.10144043 0.00372315 -0.05854556 0.02454667 -13.68713379 10.20812988 0.95487896 7.25973283
-38.90228271 50.68206787 2.19799804 -47.30224609 43.67828369 6.59257938 31.97878728 -1.10601807 -0.83154297 -0.94508244 0.08278799 -22.65167236 20.98083496 2.49402951 9.95795477 -0.11145020 -0.01904297 -0.07274452 0.02418555 -13.40484619 12.24517822 2.60925293 6.86760417
-47.30224609 43.67828369 2.40100098 -45.40252686 49.91149902 -1.31005181 30.78027522 -1.10076904 -0.81011963 -0.93822971 0.08596536 -29.07562256 14.38903809 -3.01005045 12.70735097 -0.12585449 0.00787353 -0.06894396 0.03051863 -17.86804199 26.47399902 3.53088379 10.62176578
-41.86248779 49.91149902 2.50000000 -52.94036865 55.87005615 -3.68449999 37.07374222 -1.04888916 -0.83148193 -0.91298510 0.04959627 -28.82385254 26.67999268 -4.38723357 16.78003285 -0.13787842 -0.01812744 -0.06573088 0.02910506 -13.88549805 16.26586914 4.23530910 8.81952708
-52.94036865 55.87005615 2.20099644 -49.29351807 37.65106201 -3.82975528 30.23278187 -1.01873779 -0.80834961 -0.91671110 0.05750301 -34.23309326 21.06475830 -3.99177953 15.50792433 -0.12408447 0.00378418 -0.05876561 0.02921426 -11.34490967 20.43151855 4.92798655 8.75881729
-42.62542725 37.65106201 3.00200650 -41.86248779 32.79113770 -4.90979795 24.63658419 -0.99328613 -0.82708740 -0.89468271 0.04524070 -24.49035645 8.90350342 -4.38435872 8.50433102 -0.12719727 -0.00506592 -0.05718881 0.02245508 -9.27734375 13.51928711 4.28249218 6.20072707
-36.99493408 32.79113770 2.39699550 -38.42163086 70.86181641 0.88865861 31.36885796 -0.98968506 -0.75122070 -0.88865463 0.05261411 -24.37591553 19.81353760 -1.01139234 11.27840246 -0.12872315 0.00054932 -0.05779499 0.03076216 -13.42010498 20.01190186 3.54037078 7.82060720
-38.42163086 70.86181641 2.69900520 -32.17315674 39.78729248 0.62831243 24.09339406 -1.02392578 -0.76837158 -0.89254252 0.05531666 -21.62170410 18.87512207 -1.75333023 10.71301144 -0.09570312 0.01593018 -0.04714839 0.02081891 -4.73785400 17.52471924 5.18210729 6.24349013
-32.17315674 39.78729248 2.19599910 -37.07122803 42.70172119 0.32846551 27.06539590 -0.96423340 -0.73724365 -0.85105655 0.06322795 -22.82714844 22.18627930 -2.22015381 11.74780940 -0.10516357 -0.00195312 -0.04677542 0.02530879 -13.61083984 22.41516113 2.70100644 11.36986031
-37.07122803 42.70172119 2.04699710 -36.81945801 35.23254395 3.66705817 23.16650707 -1.01849365 -0.80743408 -0.90057043 0.06481062 -16.76177979 19.18029785 0.30249518 8.44660878 -0.12298584 -0.00646973 -0.05169513 0.02559656 -12.07733154 16.90673828 2.33129553 8.88238238
-30.17425537 35.23254395 2.55100250 -37.39166260 38.78021240 1.85053399 23.66426572 -0.97454834 -0.78179932 -0.87648302 0.05627642 -18.71490479 8.08715820 -1.34780559 8.08686192 -0.08563232 0.01367188 -0.04013776 0.01881790 -6.98089600 15.14434814 3.00679308 6.40789155
-37.39166260 38.78021240 2.54499810 -48.66027832 35.27832031 0.76141357 28.17034479 -1.00665283 -0.79473877 -0.89241401 0.05792369 -20.59173584 18.59283447 -1.08778212 10.87938920 -0.09124756 0.00177002 -0.04504937 0.02280615 -11.97814941 15.91491699 4.30789524 7.52843959
-48.66027832 35.27832031 2.44999700 -45.44830322 46.28753662 1.25558036 30.68149420 -0.96752930 -0.76959228 -0.88028099 0.04326801 -19.31762695 20.66040039 -1.13932292 8.21817047 -0.10357666 -0.00744629 -0.04553513 0.02026883 -10.89477539 22.94158936 2.22687494 7.02352720